0 2 0 0 0 12 0 0 0 0 0 25 0 0 0 0 0 0 0 0 0 0 2 25 0 0 0 0 25 2 25 0 0 0 0 0 0 0 0 0 0 25 0 0 0 0 0 0 25 0 
2 0 0 0 0 0 0 0 0 0 0 2 0 0 0 0 0 0 0 25 0 0 0 0 0 0 0 0 0 0 0 12 12 12 0 0 0 0 0 0 0 0 0 2 0 0 25 12 12 0 
0 0 0 0 0 12 25 0 0 0 0 0 12 12 25 12 0 0 12 0 0 0 0 0 0 0 0 0 0 0 0 0 0 0 0 0 0 0 0 0 0 0 0 0 0 2 0 0 0 0 
0 0 0 0 0 0 0 0 0 0 0 0 0 0 0 0 0 0 0 0 0 2 0 0 0 0 0 0 0 0 0 0 0 0 0 0 0 0 0 0 0 0 0 12 0 0 0 0 0 0 
0 0 0 0 0 0 0 0 0 0 0 0 0 0 0 0 0 0 0 0 0 12 0 0 0 0 0 0 0 0 25 25 25 12 0 0 0 0 12 0 0 0 12 0 0 25 25 0 0 0 
12 0 12 0 0 0 0 0 0 12 0 25 25 12 0 0 0 0 0 0 0 12 0 0 0 0 0 12 0 0 0 12 0 0 0 25 0 0 0 0 0 0 0 0 0 0 0 0 0 12 
0 0 25 0 0 0 0 2 0 0 0 0 0 0 0 0 12 0 0 0 0 0 0 0 0 0 0 0 25 0 0 12 25 0 0 2 0 0 2 12 0 2 0 0 2 0 0 0 0 0 
0 0 0 0 0 0 2 0 0 0 0 0 0 0 0 0 12 12 0 0 0 0 0 0 0 0 0 0 0 0 0 0 0 0 0 0 0 0 0 25 0 0 0 0 0 0 0 12 0 2 
0 0 0 0 0 0 0 0 0 0 0 0 0 0 0 25 2 0 0 0 2 0 0 0 0 0 0 0 0 2 0 0 0 0 0 0 0 0 0 0 0 12 0 0 0 0 0 0 2 2 
0 0 0 0 0 12 0 0 0 0 0 0 0 0 0 0 0 0 0 25 25 0 0 0 0 0 0 0 0 0 0 0 0 0 0 0 0 0 0 2 0 0 0 0 0 0 0 0 0 0 
0 0 0 0 0 0 0 0 0 0 0 0 0 0 0 0 0 0 0 0 2 2 0 25 0 0 0 0 0 0 0 0 2 0 12 0 0 0 0 0 0 2 0 0 0 2 0 0 0 0 
25 2 0 0 0 25 0 0 0 0 0 0 12 0 0 0 0 0 0 25 0 0 12 12 0 25 0 0 0 0 0 0 12 0 0 0 0 0 0 0 0 0 0 0 0 0 0 0 0 0 
0 0 12 0 0 25 0 0 0 0 0 12 0 0 25 0 0 0 0 25 0 0 0 12 0 25 0 0 0 0 0 2 25 12 0 0 0 0 0 0 0 0 0 0 0 0 0 0 12 0 
0 0 12 0 0 12 0 0 0 0 0 0 0 0 0 25 0 0 0 0 0 0 0 0 2 0 0 0 0 0 0 0 0 0 0 2 0 0 0 0 0 0 0 12 0 12 25 0 0 0 
0 0 25 0 0 0 0 0 0 0 0 0 25 0 0 0 0 0 0 0 12 0 0 0 0 0 0 0 0 2 0 0 0 0 0 0 0 0 0 12 0 0 25 0 0 0 0 0 2 0 
0 0 12 0 0 0 0 0 25 0 0 0 0 25 0 0 0 0 12 2 0 0 0 0 0 0 0 0 0 0 0 12 0 0 0 0 0 0 2 2 0 0 0 0 0 0 0 0 0 0 
0 0 0 0 0 0 12 12 2 0 0 0 0 0 0 0 0 0 0 25 0 0 2 12 0 0 0 25 0 0 0 2 0 0 0 0 0 0 0 25 0 0 0 0 0 25 0 0 0 25 
0 0 0 0 0 0 0 12 0 0 0 0 0 0 0 0 0 0 0 0 2 25 12 25 0 0 0 2 0 0 0 0 0 0 0 0 0 0 0 0 25 0 0 0 0 0 0 0 0 0 
0 0 12 0 0 0 0 0 0 0 0 0 0 0 0 12 0 0 0 25 0 25 0 0 25 0 0 0 12 12 2 0 0 0 0 0 0 0 0 0 0 0 0 0 0 0 0 0 0 0 
0 25 0 0 0 0 0 0 0 25 0 25 25 0 0 2 25 0 25 0 0 0 0 0 2 0 0 0 0 0 2 0 12 0 0 0 0 0 2 0 0 0 0 0 0 0 0 0 0 0 
0 0 0 0 0 0 0 0 2 25 2 0 0 0 12 0 0 2 0 0 0 0 0 0 12 0 12 0 25 12 0 0 2 0 0 2 0 25 0 0 0 0 12 0 25 0 0 0 0 0 
0 0 0 2 12 12 0 0 0 0 2 0 0 0 0 0 0 25 25 0 0 0 25 0 0 0 0 0 0 0 0 0 0 2 0 0 0 2 25 2 25 0 0 0 2 0 0 0 0 25 
2 0 0 0 0 0 0 0 0 0 0 12 0 0 0 0 2 12 0 0 0 25 0 0 0 0 0 0 0 0 0 2 0 2 0 0 0 0 0 0 0 0 2 0 0 25 0 0 0 0 
25 0 0 0 0 0 0 0 0 0 25 12 12 0 0 0 12 25 0 0 0 0 0 0 0 0 0 0 0 2 12 0 2 0 0 2 25 0 2 0 0 0 25 0 0 2 0 0 25 25 
0 0 0 0 0 0 0 0 0 0 0 0 0 2 0 0 0 0 25 2 12 0 0 0 0 0 0 0 12 0 0 0 0 25 0 0 0 0 0 0 2 0 0 0 0 0 0 0 0 0 
0 0 0 0 0 0 0 0 0 0 0 25 25 0 0 0 0 0 0 0 0 0 0 0 0 0 2 0 2 0 0 0 0 0 25 0 0 0 0 0 25 0 2 0 25 0 0 0 0 0 
0 0 0 0 0 0 0 0 0 0 0 0 0 0 0 0 0 0 0 0 12 0 0 0 0 2 0 0 0 0 0 2 0 0 0 0 0 0 0 12 0 0 0 0 0 0 0 12 12 0 
0 0 0 0 0 12 0 0 0 0 0 0 0 0 0 0 25 2 0 0 0 0 0 0 0 0 0 0 0 0 0 12 0 0 0 0 0 0 0 0 0 0 0 0 0 0 0 0 0 0 
25 0 0 0 0 0 25 0 0 0 0 0 0 0 0 0 0 0 12 0 25 0 0 0 12 2 0 0 0 0 0 0 0 25 0 0 0 2 0 0 0 0 0 0 0 0 0 25 12 0 
2 0 0 0 0 0 0 0 2 0 0 0 0 0 2 0 0 0 12 0 12 0 0 2 0 0 0 0 0 0 0 0 12 0 2 0 25 0 0 0 0 0 12 0 0 0 0 0 0 0 
25 0 0 0 25 0 0 0 0 0 0 0 0 0 0 0 0 0 2 2 0 0 0 12 0 0 0 0 0 0 0 0 0 0 0 2 0 25 0 0 0 0 0 0 0 0 12 25 0 0 
0 12 0 0 25 12 12 0 0 0 0 0 2 0 0 12 2 0 0 0 0 0 2 0 0 0 2 12 0 0 0 0 25 0 2 25 0 0 25 0 25 0 0 0 0 0 0 12 0 0 
0 12 0 0 25 0 25 0 0 0 2 12 25 0 0 0 0 0 0 12 2 0 0 2 0 0 0 0 0 12 0 25 0 0 25 25 0 0 2 0 0 0 12 0 25 0 0 0 0 25 
0 12 0 0 12 0 0 0 0 0 0 0 12 0 0 0 0 0 0 0 0 2 2 0 25 0 0 0 25 0 0 0 0 0 0 0 12 0 0 2 0 0 0 25 0 0 0 12 0 0 
0 0 0 0 0 0 0 0 0 0 12 0 0 0 0 0 0 0 0 0 0 0 0 0 0 25 0 0 0 2 0 2 25 0 0 0 12 0 0 0 25 0 0 0 12 0 0 25 0 0 
0 0 0 0 0 25 2 0 0 0 0 0 0 2 0 0 0 0 0 0 2 0 0 2 0 0 0 0 0 0 2 25 25 0 0 0 0 0 0 0 0 2 0 0 0 0 0 25 0 0 
0 0 0 0 0 0 0 0 0 0 0 0 0 0 0 0 0 0 0 0 0 0 0 25 0 0 0 0 0 25 0 0 0 12 12 0 0 0 0 0 0 25 0 0 0 0 0 0 0 25 
0 0 0 0 0 0 0 0 0 0 0 0 0 0 0 0 0 0 0 0 25 2 0 0 0 0 0 0 2 0 25 0 0 0 0 0 0 0 0 25 2 0 0 2 25 0 2 2 12 0 
0 0 0 0 12 0 2 0 0 0 0 0 0 0 0 2 0 0 0 2 0 25 0 2 0 0 0 0 0 0 0 25 2 0 0 0 0 0 0 0 0 2 0 12 0 0 0 0 0 0 
0 0 0 0 0 0 12 25 0 2 0 0 0 0 12 2 25 0 0 0 0 2 0 0 0 0 12 0 0 0 0 0 0 2 0 0 0 25 0 0 0 0 0 2 0 0 0 0 0 25 
0 0 0 0 0 0 0 0 0 0 0 0 0 0 0 0 0 25 0 0 0 25 0 0 2 25 0 0 0 0 0 25 0 0 25 0 0 2 0 0 0 0 0 0 0 0 0 0 0 12 
25 0 0 0 0 0 2 0 12 0 2 0 0 0 0 0 0 0 0 0 0 0 0 0 0 0 0 0 0 0 0 0 0 0 0 2 25 0 2 0 0 0 0 0 0 25 0 0 0 0 
0 0 0 0 12 0 0 0 0 0 0 0 0 0 25 0 0 0 0 0 12 0 2 25 0 2 0 0 0 12 0 0 12 0 0 0 0 0 0 0 0 0 0 0 0 25 0 0 0 0 
0 2 0 12 0 0 0 0 0 0 0 0 0 12 0 0 0 0 0 0 0 0 0 0 0 0 0 0 0 0 0 0 0 25 0 0 0 2 12 2 0 0 0 0 0 0 0 0 0 0 
0 0 0 0 0 0 2 0 0 0 0 0 0 0 0 0 0 0 0 0 25 2 0 0 0 25 0 0 0 0 0 0 25 0 12 0 0 25 0 0 0 0 0 0 0 0 0 0 12 0 
0 0 2 0 25 0 0 0 0 0 2 0 0 12 0 0 25 0 0 0 0 0 25 2 0 0 0 0 0 0 0 0 0 0 0 0 0 0 0 0 0 25 25 0 0 0 0 2 0 0 
0 25 0 0 25 0 0 0 0 0 0 0 0 25 0 0 0 0 0 0 0 0 0 0 0 0 0 0 0 0 12 0 0 0 0 0 0 2 0 0 0 0 0 0 0 0 0 0 0 0 
0 12 0 0 0 0 0 12 0 0 0 0 0 0 0 0 0 0 0 0 0 0 0 0 0 0 12 0 25 0 25 12 0 12 25 25 0 2 0 0 0 0 0 0 0 2 0 0 0 0 
25 12 0 0 0 0 0 0 2 0 0 0 12 0 2 0 0 0 0 0 0 0 0 25 0 0 12 0 12 0 0 0 0 0 0 0 0 12 0 0 0 0 0 0 12 0 0 0 0 0 
0 0 0 0 0 12 0 2 2 0 0 0 0 0 0 0 25 0 0 0 0 25 0 25 0 0 0 0 0 0 0 0 25 0 0 0 25 0 0 25 12 0 0 0 0 0 0 0 0 0 
